Test/DataFileTests/grid_data_1989_nodata_values.asc
ncols 144
nrows 72
xllcorner -180
yllcorner -90
cellsize 2.5
nodata_value -9999
[rows 0 to 33 of 72, columns 0 to 76 of 144]
-9999 -9999 -41.149 -41.112 -41.084 -41.061 -41.055 -41.052 -41.051 -41.058 -41.064 -41.046 -41.011 -40.971 -40.937 -40.920 -40.911 -40.891 -40.840 -40.771 -40.702 -40.650 -40.605 -40.574 -40.564 -40.570 -40.570 -40.568 -40.585 -40.599 -40.617 -40.647 -40.687 -40.694 -40.670 -40.657 -40.666 -40.657 -40.618 -40.555 -40.496 -40.492 -40.549 -40.584 -40.610 -40.603 -40.612 -40.650 -40.595 -40.550 -40.503 -40.416 -40.323 -40.216 -40.117 -40.051 -39.997 -39.972 -39.940 -39.880 -39.797 -39.689 -39.588 -39.534 -39.481 -39.381 -39.259 -39.193 -39.158 -39.124 -39.091 -39.056 -9999 -9999 -9999 -9999 -9999
-9999 -41.284 -41.238 -41.214 -41.177 -41.102 -41.065 -41.010 -40.958 -40.933 -40.929 -40.870 -40.793 -40.715 -40.652 -40.636 -40.631 -40.621 -40.565 -40.510 -40.465 -40.469 -40.464 -40.484 -40.541 -40.628 -40.710 -40.763 -40.888 -40.954 -41.030 -41.104 -41.242 -41.296 -41.296 -41.323 -41.425 -41.477 -41.481 -41.425 -41.366 -41.366 -41.520 -41.517 -41.587 -41.560 -41.547 -41.764 -41.604 -41.579 -41.503 -41.344 -41.254 -41.116 -40.970 -40.921 -40.824 -40.830 -40.798 -40.732 -40.655 -40.538 -40.424 -40.427 -40.400 -40.280 -40.043 -39.921 -39.780 -39.621 -39.471 -39.314 -9999 -9999 -9999 -9999 -9999
-41.758 -41.572 -41.509 -41.445 -41.413 -41.258 -41.116 -40.980 -40.852 -40.767 -40.766 -40.649 -40.515 -40.370 -40.287 -40.261 -40.273 -40.204 -40.143 -40.108 -40.154 -40.190 -40.230 -40.323 -40.441 -40.614 -40.785 -40.962 -41.199 -41.341 -41.456 -41.541 -41.742 -41.864 -41.889 -41.972 -42.135 -42.326 -42.351 -42.304 -42.253 -42.330 -42.438 -42.440 -42.467 -42.452 -42.483 -42.741 -42.762 -42.687 -42.394 -42.247 -42.166 -42.032 -41.867 -41.761 -41.707 -41.686 -41.628 -41.579 -41.492 -41.364 -41.364 -41.411 -41.385 -41.303 -41.103 -40.820 -40.489 -40.173 -39.909 -39.620 -9999 -9999 -9999 -9999 -9999
-42.225 -42.184 -42.008 -41.819 -41.614 -41.376 -41.144 -40.930 -40.747 -40.582 -40.463 -40.354 -40.214 -40.069 -39.940 -39.865 -39.837 -39.789 -39.747 -39.707 -39.758 -39.778 -39.804 -39.940 -40.074 -40.243 -40.484 -40.751 -41.055 -41.294 -41.381 -41.244 -41.188 -41.261 -41.350 -41.493 -41.629 -41.797 -41.846 -41.846 -41.799 -41.794 -41.787 -41.725 -41.758 -41.722 -41.656 -41.827 -41.914 -42.108 -42.084 -42.096 -42.085 -42.025 -41.975 -41.981 -41.944 -41.863 -41.747 -41.630 -41.485 -41.320 -41.257 -41.191 -41.022 -41.113 -41.097 -40.882 -40.605 -40.291 -40.069 -39.590 -9999 -9999 -9999 -9999 -9999
-42.617 -42.577 -42.470 -42.346 -42.101 -41.953 -41.687 -41.359 -41.066 -40.814 -40.590 -40.435 -40.267 -40.118 -39.979 -39.889 -39.798 -39.754 -39.696 -39.647 -39.629 -39.656 -39.724 -39.799 -39.938 -40.005 -40.270 -40.461 -40.708 -40.955 -41.045 -41.248 -41.351 -41.318 -41.145 -41.207 -41.272 -41.322 -41.404 -41.557 -41.778 -42.225 -42.170 -41.815 -41.161 -40.965 -41.134 -40.953 -40.051 -39.824 -39.970 -39.996 -40.250 -40.459 -40.509 -40.653 -40.741 -40.771 -40.632 -40.521 -40.336 -40.076 -39.799 -39.650 -39.867 -40.228 -40.431 -40.010 -39.589 -39.016 -38.550 -38.069 -9999 -9999 -9999 -9999 -9999
-42.998 -42.920 -42.881 -42.837 -42.829 -42.789 -42.507 -42.053 -41.690 -41.383 -41.093 -40.817 -40.537 -40.345 -40.292 -40.117 -39.958 -39.774 -39.688 -39.671 -39.631 -39.673 -39.809 -39.873 -40.123 -40.187 -40.477 -40.615 -40.678 -40.993 -41.361 -41.981 -42.420 -42.325 -41.929 -41.964 -41.951 -41.853 -41.783 -41.861 -42.493 -43.450 -43.364 -42.649 -41.223 -40.782 -41.290 -40.806 -39.040 -37.443 -37.492 -37.270 -37.610 -38.025 -38.383 -38.619 -38.849 -38.879 -38.762 -38.739 -38.558 -38.226 -37.919 -38.022 -38.742 -39.344 -39.021 -38.050 -37.173 -36.286 -35.490 -35.065 -9999 -9999 -9999 -9999 -9999
-43.576 -43.799 -43.730 -43.614 -43.447 -43.167 -42.779 -42.422 -42.189 -41.907 -41.599 -41.096 -40.643 -40.340 -40.154 -39.798 -39.404 -39.159 -39.106 -39.158 -39.116 -39.167 -39.369 -39.916 -40.519 -40.892 -41.255 -41.513 -41.699 -42.045 -42.562 -43.220 -43.580 -43.544 -43.399 -43.381 -43.292 -43.079 -42.736 -42.356 -42.287 -42.288 -41.844 -41.199 -40.119 -39.451 -39.331 -39.345 -38.324 -37.216 -35.601 -34.758 -35.251 -35.915 -36.638 -37.131 -37.201 -37.097 -36.950 -36.926 -36.709 -36.349 -36.173 -36.479 -37.109 -36.685 -35.619 -34.463 -33.692 -32.800 -31.826 -31.040 -9999 -9999 -9999 -9999 -9999
-43.926 -44.684 -44.765 -44.637 -44.240 -43.642 -42.872 -42.343 -41.676 -41.310 -40.920 -40.345 -39.760 -39.266 -38.787 -38.341 -38.074 -37.959 -37.777 -37.842 -37.865 -38.031 -38.347 -39.052 -39.792 -40.492 -41.030 -41.611 -42.120 -42.619 -43.185 -43.711 -43.864 -43.967 -44.053 -44.108 -43.941 -43.697 -43.160 -42.202 -41.219 -40.462 -40.006 -39.511 -38.696 -38.118 -37.598 -37.462 -36.584 -35.661 -33.319 -32.637 -33.360 -34.329 -35.087 -35.809 -36.092 -35.942 -35.612 -35.090 -34.793 -34.476 -34.277 -34.485 -34.356 -33.426 -32.093 -30.839 -30.016 -28.977 -27.939 -27.101 -9999 -9999 -9999 -9999 -9999
-43.224 -44.574 -45.114 -45.048 -44.500 -43.786 -42.818 -41.666 -40.548 -39.741 -39.047 -38.413 -37.762 -37.053 -36.384 -35.913 -35.839 -35.824 -35.610 -35.603 -35.802 -36.066 -36.273 -36.618 -37.115 -38.005 -38.686 -39.460 -40.263 -41.038 -41.631 -42.017 -42.377 -42.612 -42.740 -42.725 -42.526 -42.551 -42.062 -41.171 -39.740 -39.173 -38.895 -38.398 -37.443 -36.570 -36.268 -35.126 -33.556 -32.330 -30.733 -30.419 -31.250 -32.125 -32.799 -33.621 -33.977 -34.045 -33.618 -32.507 -31.690 -31.004 -30.599 -30.610 -29.955 -29.103 -27.969 -26.789 -25.436 -24.553 -23.798 -23.384 -9999 -9999 -9999 -9999 -9999
-40.794 -42.014 -43.197 -43.572 -43.430 -42.625 -41.438 -39.662 -38.653 -37.780 -36.878 -35.828 -34.946 -34.006 -33.141 -32.514 -32.127 -31.943 -32.053 -32.523 -32.460 -32.395 -32.151 -32.092 -32.258 -32.887 -33.588 -34.423 -35.400 -36.471 -37.321 -38.045 -38.638 -38.993 -39.122 -38.664 -38.283 -38.213 -38.148 -37.955 -37.596 -37.562 -37.437 -37.045 -36.184 -34.822 -33.535 -32.546 -30.921 -29.106 -27.808 -27.313 -27.957 -28.427 -28.726 -29.261 -29.815 -29.986 -29.754 -27.958 -25.934 -23.659 -22.751 -22.835 -23.000 -21.879 -20.863 -20.195 -19.407 -19.072 -18.879 -18.978 -9999 -9999 -9999 -9999 -9999
-37.108 -37.750 -38.170 -38.815 -38.858 -38.409 -38.078 -36.926 -36.433 -35.723 -34.525 -33.090 -31.728 -29.818 -28.872 -28.442 -28.052 -27.891 -27.847 -28.354 -28.171 -27.826 -27.561 -27.268 -27.030 -27.047 -27.425 -28.217 -29.291 -30.534 -31.793 -32.794 -33.549 -33.783 -33.682 -33.213 -33.091 -33.090 -33.353 -33.777 -34.441 -35.342 -35.483 -35.106 -34.247 -32.691 -30.830 -30.036 -28.732 -26.720 -25.086 -23.818 -23.670 -23.481 -23.098 -23.032 -22.825 -21.773 -20.992 -19.037 -17.200 -14.719 -13.602 -13.383 -13.830 -13.307 -12.526 -12.298 -12.170 -12.367 -12.560 -13.112 -9999 -9999 -9999 -9999 -9999
-32.736 -33.026 -32.653 -32.571 -32.202 -32.588 -32.987 -33.135 -33.334 -32.564 -31.070 -29.095 -27.281 -24.584 -23.481 -23.156 -23.268 -23.182 -23.392 -23.591 -23.737 -23.683 -23.629 -23.174 -22.660 -22.259 -22.397 -22.979 -23.956 -25.285 -26.561 -27.661 -28.552 -28.664 -28.290 -28.400 -28.461 -28.649 -29.182 -29.799 -30.766 -32.333 -32.986 -32.846 -31.965 -30.527 -29.028 -27.857 -26.656 -25.005 -23.018 -21.028 -19.540 -18.296 -17.132 -16.303 -14.892 -12.759 -10.869 -9.400 -8.228 -6.942 -6.333 -5.817 -5.633 -5.538 -5.228 -5.302 -5.438 -5.797 -6.287 -7.201 -9999 -9999 -9999 -9999 -9999
-27.633 -27.810 -27.635 -27.314 -26.979 -26.980 -27.166 -27.531 -27.591 -26.440 -24.070 -21.951 -20.413 -18.847 -17.284 -16.403 -16.103 -15.990 -16.804 -18.214 -19.512 -20.259 -20.459 -20.160 -19.776 -19.387 -19.397 -19.782 -20.602 -21.656 -22.726 -23.798 -24.547 -24.878 -25.013 -25.055 -24.923 -24.913 -25.356 -25.994 -27.016 -28.774 -30.097 -31.101 -31.254 -30.451 -29.258 -27.139 -25.436 -23.847 -21.973 -19.718 -17.218 -14.842 -12.802 -11.017 -9.267 -7.317 -5.554 -4.412 -3.440 -2.682 -2.106 -1.533 -1.079 -0.851 -0.718 -0.788 -1.057 -1.519 -2.169 -2.902 -9999 -9999 -9999 -9999 -9999
-21.856 -21.588 -21.265 -20.681 -20.497 -20.442 -20.365 -20.190 -19.817 -18.821 -16.718 -14.817 -13.220 -12.179 -10.890 -9.955 -9.394 -9.500 -10.666 -11.886 -13.896 -15.735 -16.807 -17.092 -17.216 -17.120 -17.132 -17.402 -17.994 -18.779 -19.716 -20.659 -21.258 -21.749 -22.004 -21.936 -21.861 -22.025 -22.470 -23.151 -24.040 -25.428 -27.025 -28.370 -29.005 -28.883 -28.436 -26.991 -25.064 -23.377 -21.329 -19.083 -16.553 -13.965 -11.424 -9.056 -7.091 -5.312 -3.907 -2.810 -1.917 -1.186 -0.448 0.106 0.740 1.252 1.550 1.677 1.402 0.903 0.324 -0.285 -9999 -9999 -9999 -9999 -9999
-15.967 -15.040 -14.076 -13.249 -13.016 -13.022 -12.918 -12.497 -11.807 -11.207 -10.509 -9.090 -7.390 -6.071 -5.130 -4.424 -4.233 -4.502 -5.178 -5.777 -7.729 -9.955 -12.168 -13.299 -14.052 -14.445 -14.576 -14.753 -15.080 -15.656 -16.428 -17.323 -17.791 -18.427 -18.636 -18.808 -19.010 -19.461 -20.009 -20.683 -21.391 -22.253 -23.409 -24.389 -25.025 -25.242 -25.363 -25.059 -23.887 -22.442 -20.210 -18.210 -16.036 -13.673 -11.291 -8.971 -6.893 -5.070 -3.551 -2.434 -1.546 -0.746 0.048 0.854 1.697 2.442 2.973 3.237 3.011 2.599 2.058 1.305 -9999 -9999 -9999 -9999 -9999
-10.668 -9.490 -8.315 -7.410 -6.830 -6.385 -6.061 -5.665 -5.410 -5.138 -4.938 -4.198 -3.094 -2.105 -1.273 -0.566 -0.173 -0.049 -0.354 -1.086 -2.262 -4.293 -6.963 -8.975 -10.385 -11.338 -11.768 -11.922 -11.937 -12.088 -12.477 -13.125 -13.975 -14.968 -15.676 -15.866 -16.158 -16.680 -17.138 -17.658 -18.128 -18.585 -19.193 -19.851 -20.442 -20.824 -21.156 -21.271 -20.767 -19.622 -17.895 -16.472 -14.845 -13.027 -11.077 -9.106 -7.042 -5.207 -3.592 -2.367 -1.392 -0.505 0.431 1.476 2.504 3.427 4.119 4.473 4.414 4.065 3.426 2.514 -9999 -9999 -9999 -9999 -9999
-6.138 -5.003 -3.978 -3.137 -2.422 -1.841 -1.273 -0.955 -0.793 -0.582 -0.393 -0.071 0.433 0.875 1.354 2.019 2.591 3.020 3.040 2.457 1.643 0.075 -2.626 -5.557 -7.589 -8.934 -9.503 -9.466 -9.139 -8.835 -8.866 -9.229 -10.076 -11.144 -12.175 -12.717 -13.125 -13.745 -14.142 -14.523 -14.836 -15.009 -15.275 -15.462 -15.634 -15.552 -15.497 -15.465 -15.365 -14.680 -13.771 -13.107 -12.167 -10.819 -9.214 -7.507 -5.742 -4.137 -2.593 -1.413 -0.435 0.530 1.505 2.537 3.548 4.443 5.148 5.468 5.438 5.083 4.500 3.542 -9999 -9999 -9999 -9999 -9999
-2.304 -1.350 -0.543 0.179 0.820 1.350 1.855 2.217 2.578 2.898 3.214 3.535 3.870 3.996 4.208 4.531 4.975 5.436 5.493 5.214 4.367 2.931 0.431 -3.172 -5.861 -7.587 -8.521 -8.699 -7.874 -7.348 -6.670 -6.594 -7.109 -7.551 -8.382 -9.277 -10.064 -10.783 -11.143 -11.466 -11.616 -11.420 -11.289 -10.876 -10.572 -10.109 -9.372 -9.064 -9.040 -8.819 -8.725 -8.543 -7.939 -7.055 -5.832 -4.428 -2.899 -1.623 -0.447 0.640 1.545 2.426 3.352 4.210 5.009 5.665 6.188 6.297 6.062 5.696 5.165 4.363 -9999 -9999 -9999 -9999 -9999
1.010 1.670 2.284 2.900 3.492 3.990 4.423 4.795 5.147 5.517 5.949 6.458 6.936 7.281 7.550 7.706 7.849 8.008 7.816 7.317 6.234 4.772 2.630 -1.713 -5.138 -7.336 -8.832 -9.493 -9.059 -7.807 -6.327 -5.518 -5.234 -4.891 -5.119 -6.109 -7.044 -7.714 -8.176 -8.525 -8.489 -7.642 -6.687 -5.230 -4.039 -3.537 -3.515 -3.470 -3.453 -3.394 -3.417 -3.281 -2.881 -2.372 -1.612 -0.557 0.638 1.695 2.633 3.521 4.330 5.097 5.886 6.521 6.973 7.253 7.408 7.175 6.555 5.997 5.466 4.717 -9999 -9999 -9999 -9999 -9999
4.125 4.622 5.034 5.442 5.926 6.321 6.705 7.046 7.363 7.759 8.220 8.866 9.493 10.000 10.344 10.478 10.560 10.486 10.130 9.315 7.907 6.437 4.276 0.364 -3.605 -7.062 -9.099 -10.113 -10.049 -8.393 -6.359 -4.744 -3.644 -2.937 -2.833 -3.484 -4.299 -4.843 -5.258 -5.395 -4.589 -2.067 -0.185 1.453 2.913 3.480 3.142 2.841 2.553 2.493 2.614 2.754 2.915 3.064 3.404 3.938 4.648 5.476 6.243 6.936 7.658 8.532 9.076 9.373 9.260 9.024 8.878 8.505 7.646 6.645 4.976 4.780 -9999 -9999 -9999 -9999 -9999
7.138 7.537 7.725 7.912 8.263 8.535 8.833 9.132 9.438 9.860 10.356 11.047 11.629 12.107 12.367 12.491 12.583 12.404 11.890 10.980 9.492 8.016 6.145 3.138 -0.799 -4.849 -7.674 -9.281 -9.396 -7.825 -5.910 -3.806 -2.211 -1.041 -0.860 -1.162 -1.683 -1.992 -2.171 -1.844 -0.125 3.607 6.054 7.553 8.741 9.349 9.314 8.874 8.505 8.394 8.431 8.385 8.289 7.932 7.967 8.156 8.558 9.190 9.745 10.342 11.151 11.890 12.022 11.641 11.031 10.487 10.229 9.907 8.841 7.332 5.081 5.735 -9999 -9999 -9999 -9999 -9999
9.958 10.402 10.439 10.465 10.586 10.702 10.881 11.109 11.402 11.821 12.369 13.004 13.478 13.797 13.978 14.055 14.014 13.648 12.974 11.958 10.674 9.447 8.152 6.700 3.721 -0.235 -3.591 -6.085 -7.168 -6.663 -5.140 -2.945 -1.249 0.324 1.192 1.311 1.116 0.965 1.063 2.048 4.517 7.983 10.519 12.060 13.051 13.553 13.571 13.259 12.957 12.731 12.534 12.272 11.973 11.627 11.567 11.682 11.912 12.337 12.815 13.472 14.071 14.314 13.708 12.744 11.834 11.328 11.194 11.112 10.786 9.204 6.861 6.830 -9999 -9999 -9999 -9999 -9999
12.336 12.677 12.704 12.709 12.837 13.029 13.188 13.474 13.785 14.136 14.600 14.932 15.259 15.359 15.368 15.346 15.147 14.595 13.782 12.746 11.720 10.905 10.136 9.566 8.533 5.887 2.373 -0.970 -3.252 -3.680 -2.662 -1.244 0.689 2.998 4.861 5.266 4.999 4.787 5.083 6.638 9.732 11.768 13.902 15.189 15.942 16.217 16.230 16.077 15.829 15.547 15.212 14.822 14.465 14.294 14.258 14.487 14.682 14.926 15.195 15.466 15.536 15.196 14.056 12.951 12.047 11.876 12.136 12.285 11.730 10.190 8.038 6.916 -9999 -9999 -9999 -9999 -9999
14.358 14.551 14.613 14.732 14.959 15.251 15.495 15.840 16.148 16.422 16.681 16.740 16.787 16.648 16.509 16.354 15.978 15.314 14.439 13.506 12.738 12.223 11.912 11.678 11.647 11.113 8.122 4.646 1.566 0.265 0.434 1.228 3.419 6.583 9.536 10.116 9.822 9.547 10.037 11.948 14.581 15.712 16.882 17.604 18.018 18.099 18.095 18.005 17.856 17.616 17.229 16.818 16.462 16.339 16.335 16.495 16.620 16.689 16.684 16.520 16.065 15.334 14.117 13.407 12.773 12.969 13.394 13.256 12.226 10.501 8.436 6.705 -9999 -9999 -9999 -9999 -9999
16.300 16.449 16.565 16.751 16.988 17.247 17.472 17.717 17.920 18.072 18.126 18.012 17.843 17.564 17.307 16.993 16.506 15.808 15.000 14.207 13.668 13.428 13.571 13.885 14.162 14.198 12.319 9.430 6.330 4.102 3.382 4.055 6.526 10.197 13.911 14.866 14.831 14.723 15.211 16.612 18.060 18.933 19.508 19.702 19.748 19.706 19.681 19.653 19.553 19.332 18.947 18.532 18.151 17.960 17.891 17.870 17.787 17.593 17.266 16.773 16.076 15.293 14.589 14.408 14.463 14.852 14.753 13.718 12.788 11.237 9.298 8.074 -9999 -9999 -9999 -9999 -9999
18.231 18.413 18.495 18.643 18.777 18.921 19.033 19.117 19.164 19.133 18.985 18.720 18.452 18.074 17.686 17.262 16.683 15.985 15.299 14.694 14.404 14.525 15.037 15.766 16.396 16.904 16.530 14.646 12.382 8.514 6.652 6.724 9.294 12.930 16.773 18.059 18.319 18.454 18.838 19.640 20.455 20.918 21.221 21.124 20.916 20.773 20.719 20.670 20.554 20.352 20.029 19.632 19.271 18.916 18.673 18.434 18.099 17.744 17.217 16.613 16.034 15.631 15.743 15.971 16.558 16.492 15.959 14.983 13.952 12.652 11.125 10.227 -9999 -9999 -9999 -9999 -9999
20.050 20.253 20.267 20.274 20.277 20.284 20.275 20.249 20.166 19.997 19.744 19.410 19.079 18.677 18.225 17.721 17.053 16.339 15.769 15.324 15.337 15.701 16.405 17.287 18.231 19.262 19.951 19.372 17.947 13.710 10.566 9.420 11.315 14.748 18.290 19.602 20.159 20.546 21.028 21.639 22.150 22.304 22.223 21.966 21.681 21.447 21.288 21.147 20.927 20.725 20.456 20.092 19.736 19.342 18.972 18.571 18.088 17.618 17.105 16.693 16.491 16.686 17.381 18.058 18.723 18.215 17.416 16.374 15.177 14.279 13.165 12.315 -9999 -9999 -9999 -9999 -9999
21.613 21.910 21.830 21.708 21.572 21.472 21.396 21.321 21.179 20.962 20.686 20.382 20.070 19.714 19.259 18.698 18.001 17.292 16.776 16.471 16.651 17.123 17.835 18.663 19.630 20.709 21.651 21.881 20.987 17.646 14.260 12.212 13.173 16.002 19.039 20.436 21.258 21.966 22.473 22.929 23.295 23.307 22.979 22.406 22.104 21.857 21.597 21.318 21.008 20.736 20.472 20.156 19.825 19.454 19.069 18.639 18.157 17.704 17.357 17.316 17.568 18.266 19.349 20.241 20.651 19.717 18.322 16.692 15.800 15.318 14.924 14.610 -9999 -9999 -9999 -9999 -9999
22.684 22.870 22.767 22.637 22.476 22.390 22.296 22.242 22.102 21.901 21.665 21.445 21.217 20.960 20.570 20.092 19.512 18.972 18.634 18.473 18.656 19.041 19.629 20.339 21.181 22.093 22.998 23.448 23.259 21.455 18.832 17.371 17.211 19.010 20.652 21.559 22.099 22.534 22.928 23.211 23.402 23.332 22.937 22.495 22.279 22.105 21.865 21.572 21.249 20.941 20.623 20.321 19.941 19.599 19.288 18.954 18.565 18.228 18.034 18.210 18.744 19.775 21.010 21.979 22.095 20.343 18.865 18.617 17.832 17.201 16.690 16.590 -9999 -9999 -9999 -9999 -9999
23.395 23.417 23.340 23.253 23.133 23.067 23.006 22.960 22.830 22.657 22.462 22.305 22.173 22.028 21.771 21.476 21.098 20.755 20.636 20.641 20.780 21.058 21.517 22.054 22.673 23.359 24.090 24.642 24.902 24.251 22.827 22.012 21.630 22.232 22.718 23.041 23.005 22.755 22.913 22.982 22.983 22.858 22.546 22.363 22.246 22.198 22.053 21.868 21.618 21.385 21.098 20.746 20.375 20.087 19.862 19.664 19.418 19.158 18.991 19.245 19.872 21.003 22.269 23.358 23.487 21.427 20.391 20.845 20.096 19.131 18.343 18.130 -9999 -9999 -9999 -9999 -9999
24.077 24.008 23.942 23.877 23.797 23.714 23.635 23.545 23.415 23.259 23.091 22.964 22.862 22.765 22.615 22.468 22.312 22.237 22.278 22.387 22.523 22.766 23.147 23.591 23.979 24.370 24.764 25.198 25.442 25.217 24.621 24.101 23.954 24.045 24.147 24.050 23.568 22.870 22.808 22.736 22.588 22.421 22.247 22.144 22.107 22.113 22.067 22.019 21.941 21.860 21.687 21.423 21.134 20.926 20.773 20.708 20.568 20.366 20.207 20.400 21.011 22.067 23.401 24.594 24.962 22.712 21.511 21.610 21.052 20.416 19.827 19.553 -9999 -9999 -9999 -9999 -9999
24.892 24.888 24.820 24.755 24.683 24.545 24.433 24.322 24.222 24.124 24.027 23.915 23.804 23.710 23.592 23.508 23.453 23.495 23.596 23.715 23.840 24.062 24.390 24.774 25.038 25.197 25.281 25.477 25.516 25.440 25.258 25.007 24.996 24.955 24.802 24.350 23.785 23.395 23.284 23.203 23.229 23.225 23.158 22.693 22.239 22.082 21.820 21.950 22.073 22.113 22.110 22.058 22.049 22.035 21.996 21.976 21.907 21.796 21.715 21.844 22.330 23.083 24.184 25.362 26.111 25.244 23.591 20.542 20.074 20.021 19.761 19.743 -9999 -9999 -9999 -9999 -9999
25.716 25.795 25.737 25.680 25.585 25.463 25.329 25.230 25.182 25.170 25.103 25.000 24.913 24.821 24.732 24.697 24.644 24.666 24.713 24.812 24.902 25.084 25.335 25.622 25.793 25.845 25.757 25.766 25.676 25.583 25.474 25.423 25.434 25.253 24.994 24.593 24.283 24.217 24.163 24.182 24.213 23.890 23.715 23.456 22.853 22.303 21.916 22.196 22.416 22.488 22.585 22.802 23.044 23.207 23.273 23.296 23.278 23.259 23.340 23.447 23.721 24.155 24.854 25.826 26.729 26.712 24.514 21.037 20.202 20.376 20.373 20.657 -9999 -9999 -9999 -9999 -9999
26.363 26.496 26.440 26.376 26.300 26.210 26.120 26.070 26.055 26.044 26.000 25.917 25.863 25.830 25.817 25.800 25.753 25.726 25.731 25.785 25.826 25.920 26.030 26.193 26.286 26.308 26.239 26.177 26.077 25.905 25.734 25.624 25.502 25.234 24.934 24.745 24.717 24.924 25.129 25.139 24.887 23.768 23.573 24.161 23.611 23.010 22.712 23.059 23.174 23.093 23.323 23.721 24.101 24.378 24.510 24.532 24.579 24.684 24.916 25.090 25.216 25.351 25.672 26.314 27.029 27.356 26.279 24.844 23.434 23.048 23.172 23.481 -9999 -9999 -9999 -9999 -9999
